30.47	340.960     0
32.54	110.285     0
35.76	856.586     0
37.68	1184.843    0
39.20	2668.496    0
39.95	885.168     0
40.82	209.888     0
42.27	149.838     0
43.37	98.160      0
44.74	112.883     0
45.98	78.239      0
47.01	111.729     0
47.45	239.336     0
47.91	190.256     0
31.83	101.599     0
33.13	163.479     0
35.69	62.732      0
37.75	273.942     0
39.23	49.947      0
40.41	359.006     0
52.52	44.492      0
55.94	115.407     0
57.37	12.956      0
58.39	51.822      0
60.73	116.600     0
34.85   0.596       854
36.57   0.959       854
40.10   0.368       854
43.10   1.607       854
45.35   0.293       854
47.19   2.106       854
70.86   0.261       854
80.01   0.677       854
84.37   0.076       854
87.72   0.304       854
96.35   0.684       854
35.84	1.181       1561
39.35	0.382       1561
45.49	2.967       1561
49.64	4.104       1561
53.29	9.243       1561
55.22	3.066       1561
57.59	0.727       1561
61.91	0.519       1561
65.50	0.340       1561
70.53	0.391       1561
75.73	0.271       1561
80.60	0.387       1561
82.90	0.829       1561
85.46	0.659       1561