  10.161   0.000  66.418  33.671  20.460  13.522  18.623  13.775
  10.161   1.000  66.911  33.162  20.963  16.517  14.007  15.386
  10.161   2.000  64.829  35.257  17.913  15.779  12.895  18.202
  10.161   3.000  64.247  35.837  18.820  15.022  14.348  16.019
  10.161   4.000  59.695  40.394  18.314  11.657  16.509  13.180
  10.161   5.000  55.554  44.534  16.891   9.203  18.066  11.361
  10.161   6.000  53.374  46.716  17.352   5.797  19.913  10.280
  10.161   7.000  50.729  49.360  18.052   0.451  22.622   9.576
  10.161   8.000  54.227  45.864  18.460   0.287  35.223   0.226
  10.161   9.000  46.919  53.171   5.333   0.009  41.351   0.191
   4.332   0.000  99.061   0.000  99.049   0.031   0.057   0.051
   4.332   1.000 100.085   0.000 100.085   0.000   0.000   0.000
   4.332   2.000 100.095   0.000 100.095   0.000   0.000   0.000
   4.332   3.000 100.100   0.000 100.100   0.000   0.000   0.000
   4.332   4.000 100.100   0.000 100.100   0.000   0.000   0.000
   4.332   5.000 100.095   0.000 100.095   0.000   0.000   0.000
   4.332   6.000 100.095   0.000 100.095   0.000   0.000   0.000
   4.332   7.000  99.351   0.000  99.347   0.011   0.008   0.008
   4.332   8.000  99.927   0.000  99.925   0.008   0.006   0.005
   4.332   9.000  66.009   0.000  65.923   1.524   1.067   1.014
   4.533   0.000  99.741   0.000  86.762  12.969   0.019   0.017
   4.533   1.000 100.093   0.000  67.818  32.246   0.000   0.000
   4.533   2.000 100.098   0.000  76.877  23.200   0.000   0.000
   4.533   3.000 100.099   0.000 100.075   0.024   0.000   0.000
   4.533   4.000 100.099   0.000 100.085   0.014   0.000   0.000
   4.533   5.000 100.095   0.000 100.095   0.000   0.000   0.000
   4.533   6.000 100.095   0.000 100.095   0.000   0.000   0.000
   4.533   7.000  99.811   0.000  99.807   0.004   0.003   0.003
   4.533   8.000 100.032   0.000 100.030   0.003   0.002   0.002
   4.533   9.000  85.900   0.000  85.744   0.651   0.444   0.413
   4.734   0.000 100.054   0.000  23.097  76.887   0.002   0.002
   4.734   1.000 100.096   0.000  58.854  41.205   0.000   0.000
   4.734   2.000 100.097   0.000  69.074  30.995   0.000   0.000
   4.734   3.000 100.096   0.000  99.059   1.036   0.000   0.000
   4.734   4.000 100.099   0.000  99.472   0.626   0.000   0.000
   4.734   5.000 100.096   0.000 100.095   0.001   0.000   0.000
   4.734   6.000 100.096   0.000 100.095   0.001   0.000   0.000
   4.734   7.000  99.963   0.000  99.960   0.002   0.002   0.001
   4.734   8.000 100.067   0.000 100.065   0.001   0.001   0.001
   4.734   9.000  93.505   0.000  93.306   0.307   0.217   0.190
   4.935   0.000 100.084   0.000  13.131  86.873   0.001   0.001
   4.935   1.000 100.094   0.000  57.800  42.256   0.000   0.000
   4.935   2.000 100.097   0.000  68.025  32.042   0.000   0.000
   4.935   3.000 100.099   0.000  96.509   3.587   0.000   0.000
   4.935   4.000 100.098   0.000  97.868   2.228   0.000   0.000
   4.935   5.000 100.098   0.000 100.090   0.008   0.000   0.000
   4.935   6.000 100.098   0.000 100.090   0.008   0.000   0.000
   4.935   7.000 100.023   0.000 100.020   0.001   0.001   0.001
   4.935   8.000 100.082   0.000 100.080   0.001   0.001   0.001
   4.935   9.000  96.617   0.000  96.397   0.164   0.129   0.101
   5.136   0.000 100.093   0.000  10.695  89.316   0.000   0.000
   5.136   1.000 100.098   0.000  56.472  43.587   0.000   0.000
   5.136   2.000 100.097   0.000  66.797  33.271   0.000   0.000
   5.136   3.000 100.098   0.000  92.853   7.239   0.000   0.000
   5.136   4.000 100.099   0.000  95.455   4.639   0.000   0.000
   5.136   5.000 100.098   0.000 100.065   0.033   0.000   0.000
   5.136   6.000 100.098   0.000 100.063   0.035   0.000   0.000
   5.136   7.000 100.054   0.000 100.050   0.002   0.001   0.000
   5.136   8.000 100.089   0.000 100.085   0.002   0.000   0.000
   5.136   9.000  98.044   0.000  97.815   0.097   0.083   0.060
   5.337   0.000 100.095   0.000  10.214  89.799   0.000   0.000
   5.337   1.000 100.098   0.000  54.412  45.644   0.000   0.000
   5.337   2.000 100.099   0.000  64.882  35.104   0.081   0.000
   5.337   3.000 100.099   0.000  88.506  11.462   0.120   0.000
   5.337   4.000 100.097   0.000  86.106   7.056   6.923   0.000
   5.337   5.000 100.099   0.000  88.951   0.085  11.053   0.000
   5.337   6.000 100.100   0.000  99.672   0.103   0.324   0.000
   5.337   7.000 100.072   0.000  96.502   0.004   3.562   0.000
   5.337   8.000 100.092   0.000 100.085   0.004   0.001   0.000
   5.337   9.000  98.781   0.000  98.291   0.062   0.316   0.044
   5.538   0.000 100.095   0.000  10.616  89.392   0.007   0.000
   5.538   1.000 100.097   0.000  52.027  48.026   0.001   0.000
   5.538   2.000 100.099   0.000  62.357  37.116   0.591   0.000
   5.538   3.000 100.099   0.000  83.526  15.677   0.882   0.000
   5.538   4.000 100.100   0.000  80.788   9.699   9.596   0.000
   5.538   5.000 100.099   0.000  84.973   0.188  14.925   0.000
   5.538   6.000 100.099   0.000  97.495   0.239   2.363   0.000
   5.538   7.000 100.083   0.000  84.414   0.005  15.648   0.000
   5.538   8.000 100.095   0.000 100.060   0.007   0.027   0.000
   5.538   9.000  95.752   0.000  92.079   0.039   6.991   0.031
   5.739   0.000 100.097   0.000  11.572  88.149   0.037   0.259
   5.739   1.000 100.097   0.000  49.812  50.185   0.006   0.048
   5.739   2.000 100.097   0.000  57.212  37.277   1.524   4.046
   5.739   3.000 100.096   0.000  75.418  18.654   2.273   3.729
   5.739   4.000 100.100   0.000  76.226  12.136  11.683   0.033
   5.739   5.000 100.098   0.000  81.761   0.370  17.920   0.030
   5.739   6.000 100.099   0.000  93.386   0.473   6.234   0.000
   5.739   7.000 100.089   0.000  74.104   0.007  25.953   0.000
   5.739   8.000 100.097   0.000  99.957   0.010   0.128   0.000
   5.739   9.000  99.618   0.000  72.655   0.022  26.796   0.019
   5.940   0.000 100.096   0.000  12.723  84.421   0.115   2.758
   5.940   1.000 100.096   0.000  47.988  51.443   0.022   0.596
   5.940   2.000 100.099   0.000  53.601  37.498   2.805   6.153
   5.940   3.000 100.098   0.000  69.244  20.963   4.148   5.715
   5.940   4.000 100.099   0.000  71.862  14.035  13.758   0.418
   5.940   5.000 100.097   0.000  78.215   0.656  20.825   0.382
   5.940   6.000 100.100   0.000  87.988   0.834  11.266   0.001
   5.940   7.000 100.093   0.000  67.993   0.009  32.060   0.002
   5.940   8.000 100.097   0.000  99.752   0.013   0.331   0.000
   5.940   9.000  99.850   0.000  50.120   0.011  49.586   0.010
   6.141   0.000 100.097   0.000  13.921  78.415   0.267   7.415
   6.141   1.000 100.098   0.000  46.761  51.403   0.058   1.828
   6.141   2.000 100.100   0.000  50.956  37.201   4.284   7.614
   6.141   3.000 100.098   0.000  64.291  22.426   6.264   7.084
   6.141   4.000 100.100   0.000  67.753  15.239  15.787   1.292
   6.141   5.000 100.098   0.000  74.335   1.073  23.484   1.184
   6.141   6.000 100.098   0.000  82.287   1.347  16.443   0.005
   6.141   7.000 100.095   0.000  65.272   0.011  34.769   0.011
   6.141   8.000 100.099   0.000  99.450   0.016   0.632   0.000
   6.141   9.000  99.970   0.000  33.488   0.007  66.352   0.009
   6.342   0.000 100.098   0.000  15.155  71.197   0.520  13.149
   6.342   1.000 100.098   0.000  46.271  50.015   0.126   3.637
   6.342   2.000 100.099   0.000  49.070  36.189   5.755   9.039
   6.342   3.000 100.098   0.000  60.285  23.055   8.326   8.396
   6.342   4.000 100.099   0.000  64.112  15.794  17.575   2.586
   6.342   5.000 100.098   0.000  70.510   1.647  25.558   2.355
   6.342   6.000 100.098   0.000  77.210   2.034  20.815   0.019
   6.342   7.000 100.097   0.000  64.893   0.013  35.125   0.034
   6.342   8.000 100.100   0.000  99.059   0.018   1.021   0.000
   6.342   9.000 100.025   0.001  22.947   0.004  76.957   0.012
   6.543   0.000 100.099   0.000  16.451  63.739   0.906  18.927
   6.543   1.000 100.096   0.000  46.488  47.537   0.240   5.783
   6.543   2.000 100.098   0.000  47.913  34.608   7.032  10.499
   6.543   3.000 100.098   0.000  57.180  23.077  10.090   9.712
   6.543   4.000 100.097   0.001  61.096  15.903  18.932   4.132
   6.543   5.000  99.597   0.500  66.784   2.398  26.687   3.698
   6.543   6.000  98.170   1.927  71.832   2.874  23.391   0.050
   6.543   7.000  95.927   4.169  63.173   0.015  32.633   0.075
   6.543   8.000  97.070   3.027  95.588   0.020   1.461   0.000
   6.543   9.000  99.586   0.469  16.286   0.003  83.181   0.019
   6.744   0.000 100.098   0.000  17.859  56.730   1.470  23.964
   6.744   1.000 100.096   0.000  47.175  44.470   0.420   7.984
   6.744   2.000 100.098   0.000  47.340  32.750   8.026  11.935
   6.744   3.000 100.094   0.003  54.825  22.817  11.438  10.974
   6.744   4.000 100.084   0.015  58.674  15.846  19.795   5.732
   6.744   5.000  98.859   1.238  63.486   3.368  26.968   5.005
   6.744   6.000  95.742   4.355  67.249   3.918  24.445   0.105
   6.744   7.000  91.885   8.211  61.962   0.017  29.738   0.141
   6.744   8.000  94.025   6.075  91.994   0.021   2.006   0.001
   6.744   9.000  94.490   5.583  11.436   0.002  82.936   0.025
   6.945   0.000 100.096   0.000  19.424  50.530   2.281  27.789
   6.945   1.000 100.096   0.000  47.931  41.391   0.694  10.033
   6.945   2.000 100.098   0.000  47.056  30.940   8.765  13.289
   6.945   3.000 100.085   0.012  52.918  22.611  12.399  12.115
   6.945   4.000 100.037   0.060  56.602  15.912  20.259   7.226
   6.945   5.000  98.388   1.708  60.743   4.642  26.808   6.161
   6.945   6.000  94.510   5.587  64.109   5.313  24.865   0.196
   6.945   7.000  90.372   9.723  62.187   0.021  27.890   0.248
   6.945   8.000  92.783   7.314  89.950   0.024   2.805   0.001
   6.945   9.000  87.498  12.583   8.082   0.002  79.305   0.030
   7.146   0.000 100.097   0.000  21.150  45.210   3.437  30.230
   7.146   1.000 100.095   0.000  48.342  38.748   1.108  11.851
   7.146   2.000 100.097   0.000  46.703  29.429   9.367  14.549
   7.146   3.000 100.067   0.030  51.081  22.736  13.099  13.108
   7.146   4.000  99.959   0.138  54.544  16.335  20.507   8.532
   7.146   5.000  98.054   2.044  58.096   6.308  26.500   7.114
   7.146   6.000  93.827   6.268  61.284   7.160  25.012   0.343
   7.146   7.000  89.630  10.465  62.250   0.027  26.906   0.423
   7.146   8.000  91.981   8.118  87.915   0.029   4.031   0.002
   7.146   9.000  82.662  17.423   5.969   0.002  76.582   0.034
   7.347   0.000  99.337   0.760  22.801  40.341   5.030  31.096
   7.347   1.000  99.578   0.517  47.923  36.513   1.726  13.370
   7.347   2.000  99.715   0.383  45.854  28.207   9.934  15.672
   7.347   3.000  99.890   0.207  48.959  23.290  13.663  13.932
   7.347   4.000  99.827   0.271  52.229  17.224  20.699   9.632
   7.347   5.000  96.267   3.832  54.345   8.281  25.849   7.754
   7.347   6.000  91.431   8.666  56.917   9.301  24.624   0.558
   7.347   7.000  88.976  11.121  61.461   0.034  26.748   0.707
   7.347   8.000  91.043   9.055  85.048   0.036   5.950   0.003
   7.347   9.000  80.502  19.585   4.634   0.002  75.760   0.037
   7.548   0.000  96.529   3.569  23.880  35.361   7.063  30.160
   7.548   1.000  97.810   2.284  46.336  34.351   2.613  14.464
   7.548   2.000  98.675   1.422  44.327  27.156  10.545  16.599
   7.548   3.000  99.451   0.646  46.452  24.185  14.189  14.576
   7.548   4.000  99.505   0.592  49.534  18.487  20.915  10.524
   7.548   5.000  95.243   4.854  50.761  10.603  25.556   8.284
   7.548   6.000  90.195   9.903  52.833  11.805  24.637   0.886
   7.548   7.000  88.008  12.088  59.512   0.044  27.271   1.155
   7.548   8.000  89.583  10.514  80.648   0.045   8.876   0.005
   7.548   9.000  80.324  19.769   3.751   0.002  76.460   0.039
   7.749   0.000  93.930   6.167  24.699  31.056   9.695  28.418
   7.749   1.000  95.937   4.156  44.292  32.475   3.872  15.252
   7.749   2.000  97.653   2.443  42.498  26.336  11.348  17.422
   7.749   3.000  98.907   1.189  43.773  25.200  14.795  15.090
   7.749   4.000  97.531   2.566  45.923  19.559  20.921  11.082
   7.749   5.000  92.643   7.453  46.286  12.698  25.051   8.567
   7.749   6.000  89.060  11.036  48.606  14.181  24.872   1.366
   7.749   7.000  86.630  13.464  56.414   0.057  28.301   1.831
   7.749   8.000  87.548  12.552  74.407   0.057  13.064   0.008
   7.749   9.000  81.317  18.776   3.140   0.002  78.063   0.041
   7.950   0.000  91.547   8.550  25.113  27.279  12.915  26.182
   7.950   1.000  93.690   6.403  41.831  30.594   5.546  15.673
   7.950   2.000  96.071   4.025  40.205  25.459  12.321  18.036
   7.950   3.000  97.874   2.221  40.964  25.875  15.504  15.481
   7.950   4.000  95.073   5.023  42.256  20.253  21.024  11.493
   7.950   5.000  89.750  10.346  41.930  14.243  24.734   8.801
   7.950   6.000  87.673  12.424  44.417  15.833  25.340   2.043
   7.950   7.000  84.796  15.300  52.285   0.072  29.618   2.793
   7.950   8.000  85.108  14.988  66.499   0.070  18.510   0.012
   7.950   9.000  82.816  17.279   2.710   0.002  79.988   0.043
   8.151   0.000  90.125   9.972  25.277  24.180  16.661  23.949
   8.151   1.000  91.936   8.156  39.463  28.882   7.655  15.888
   8.151   2.000  94.517   5.579  37.783  24.594  13.510  18.579
   8.151   3.000  96.439   3.656  38.222  25.955  16.360  15.849
   8.151   4.000  91.982   8.114  38.640  20.260  21.206  11.828
   8.151   5.000  86.357  13.738  37.783  14.917  24.554   9.059
   8.151   6.000  85.776  14.320  40.415  16.347  26.007   2.965
   8.151   7.000  82.488  17.606  47.369   0.088  30.937   4.063
   8.151   8.000  82.590  17.505  57.695   0.084  24.771   0.017
   8.151   9.000  84.296  15.799   2.422   0.002  81.753   0.045
   8.352   0.000  88.451  11.645  24.945  21.445  20.336  21.670
   8.352   1.000  89.684  10.407  36.869  27.026   9.947  15.795
   8.352   2.000  92.180   7.914  34.997  23.509  14.662  18.961
   8.352   3.000  94.267   5.828  35.476  25.303  17.220  16.216
   8.352   4.000  89.235  10.861  35.526  19.771  21.598  12.292
   8.352   5.000  83.495  16.601  34.318  14.920  24.686   9.526
   8.352   6.000  83.277  16.819  36.645  15.742  26.690   4.157
   8.352   7.000  79.794  20.300  42.122   0.105  31.912   5.622
   8.352   8.000  80.275  19.821  49.126   0.097  31.001   0.024
   8.352   9.000  85.366  14.727   2.265   0.002  82.979   0.048
   8.553   0.000  86.814  13.282  24.417  19.251  23.403  19.688
   8.553   1.000  87.378  12.712  34.386  25.257  12.108  15.580
   8.553   2.000  89.472  10.623  32.156  22.351  15.583  19.332
   8.553   3.000  91.550   8.544  32.813  24.136  17.902  16.647
   8.553   4.000  86.148  13.948  32.604  18.818  21.840  12.839
   8.553   5.000  80.387  19.707  31.152  14.366  24.677  10.149
   8.553   6.000  80.299  19.796  33.156  14.401  27.103   5.597
   8.553   7.000  76.890  23.205  37.104   0.122  32.236   7.392
   8.553   8.000  78.221  21.875  41.764   0.110  36.282   0.032
   8.553   9.000  85.756  14.341   2.242   0.002  83.383   0.053
   8.754   0.000  85.516  14.580  24.021  17.706  25.509  18.226
   8.754   1.000  85.476  14.613  32.312  23.803  13.868  15.445
   8.754   2.000  86.840  13.254  29.559  21.297  16.122  19.811
   8.754   3.000  88.561  11.532  30.345  22.766  18.236  17.162
   8.754   4.000  82.710  17.385  29.873  17.641  21.718  13.432
   8.754   5.000  77.004  23.091  28.265  13.534  24.293  10.868
   8.754   6.000  77.008  23.087  30.014  12.780  27.000   7.173
   8.754   7.000  73.873  26.221  32.721   0.142  31.761   9.213
   8.754   8.000  76.281  23.815  36.038   0.125  40.039   0.042
   8.754   9.000  85.261  14.833   2.362   0.002  82.761   0.061
   8.955   0.000  83.867  16.228  23.697  16.620  26.341  17.155
   8.955   1.000  83.322  16.766  30.434  22.519  14.967  15.355
   8.955   2.000  83.903  16.190  27.167  20.304  16.147  20.236
   8.955   3.000  85.280  14.812  28.082  21.374  18.132  17.643
   8.955   4.000  79.382  20.712  27.510  16.515  21.280  14.030
   8.955   5.000  73.791  26.302  25.821  12.711  23.611  11.605
   8.955   6.000  73.532  26.563  27.270  11.201  26.345   8.674
   8.955   7.000  70.758  29.336  29.121   0.165  30.619  10.817
   8.955   8.000  74.257  25.838  31.825   0.144  42.196   0.055
   8.955   9.000  83.735  16.360   2.630   0.003  80.955   0.074
   9.156   0.000  82.043  18.052  23.493  15.918  26.146  16.436
   9.156   1.000  81.178  18.907  28.805  21.450  15.500  15.377
   9.156   2.000  80.950  19.142  25.112  19.455  15.820  20.514
   9.156   3.000  81.910  18.181  26.090  20.101  17.705  17.965
   9.156   4.000  76.079  24.015  25.472  15.506  20.589  14.467
   9.156   5.000  70.630  29.463  23.750  11.970  22.700  12.168
   9.156   6.000  69.987  30.107  24.939   9.823  25.327   9.857
   9.156   7.000  67.552  32.542  26.270   0.193  29.144  11.909
   9.156   8.000  72.020  28.074  28.722   0.166  43.022   0.073
   9.156   9.000  81.007  19.087   3.040   0.004  77.803   0.091
   9.357   0.000  79.850  20.243  23.267  15.427  25.199  15.908
   9.357   1.000  78.831  21.253  27.263  20.472  15.598  15.453
   9.357   2.000  77.900  22.191  23.340  18.705  15.300  20.507
   9.357   3.000  78.501  21.589  24.355  18.971  17.110  18.017
   9.357   4.000  72.828  27.265  23.728  14.629  19.792  14.636
   9.357   5.000  67.530  32.562  22.007  11.330  21.716  12.438
   9.357   6.000  66.463  33.631  22.982   8.682  24.181  10.579
   9.357   7.000  64.268  35.825  24.031   0.228  27.648  12.325
   9.357   8.000  69.488  30.606  26.302   0.191  42.861   0.095
   9.357   9.000  76.895  23.198   3.565   0.005  73.150   0.112
   9.558   0.000  77.231  22.862  22.910  15.020  23.802  15.451
   9.558   1.000  76.245  23.837  25.729  19.518  15.420  15.535
   9.558   2.000  74.784  25.305  21.802  18.012  14.719  20.205
   9.558   3.000  75.106  24.983  22.836  17.959  16.466  17.799
   9.558   4.000  69.653  30.439  22.223  13.858  18.992  14.538
   9.558   5.000  64.511  35.580  20.523  10.769  20.763  12.417
   9.558   6.000  63.023  37.069  21.323   7.751  23.054  10.859
   9.558   7.000  60.932  39.160  22.233   0.271  26.281  12.112
   9.558   8.000  66.562  33.531  24.238   0.218  41.946   0.122
   9.558   9.000  71.243  28.850   4.146   0.006  66.894   0.136
   9.759   0.000  74.301  25.791  22.393  14.636  22.215  15.012
   9.759   1.000  73.558  26.520  24.219  18.587  15.100  15.610
   9.759   2.000  71.631  28.458  20.434  17.330  14.136  19.687
   9.759   3.000  71.568  28.520  21.426  16.978  15.784  17.337
   9.759   4.000  66.359  33.732  20.834  13.114  18.170  14.202
   9.759   5.000  61.501  38.589  19.206  10.242  19.844  12.172
   9.759   6.000  59.705  40.387  19.876   6.986  21.984  10.824
   9.759   7.000  57.569  42.522  20.714   0.323  25.041  11.459
   9.759   8.000  63.107  36.985  22.312   0.244  40.361   0.154
   9.759   9.000  64.059  36.032   4.696   0.007  59.146   0.159
   9.960   0.000  60.497  29.344  21.594  14.159  20.477  14.475
   9.960   1.000  70.470  29.605  22.631  17.592  14.628  15.579
   9.960   2.000  68.304  31.783  19.146  16.589  13.530  18.997
   9.960   3.000  67.912  32.174  20.086  15.997  15.073  16.715
   9.960   4.000  63.008  37.082  19.531  12.379  17.338  13.723
   9.960   5.000  58.511  41.579  18.004   9.723  18.950  11.798
   9.960   6.000  56.502  43.589  18.569   6.346  20.951  10.603
   9.960   7.000  54.175  45.915  19.348   0.383  23.849  10.565
   9.960   8.000  58.998  41.093  20.399   0.268  38.108   0.189
   9.960   9.000  55.698  44.390   5.113   0.009  50.357   0.179
